6 4
2.2
1.713 1.119 16.950 18.909
8.272 17.956 7.318 2.405
11.296 10.596 0.550 2.591
7.608 5.017 2.144 4.358
5.840 2.343 3.517 8.409
1.938 5.231 8.652 0.076
0.748 10.723 6.941 2.354
27.226 0.074 1.552 5.130
0.711 15.709 11.275 6.088
1.590 19.596 0.525 3.681
10.094 10.049 3.901 4.580
23.198 9.306 21.600 8.983
10.625 1.068 4.424 5.792
8.483 10.958 1.441 0.451
10.769 2.018 1.829 11.987
11.175 6.319 12.770 7.144
17.640 16.679 28.064 14.825
10.779 6.743 6.061 19.102
12.717 2.668 7.870 21.808
28.164 0.162 10.976 17.645
20.668 8.653 21.216 3.548
7.212 6.676 0.747 3.903
22.098 9.187 2.911 18.111
0.345 16.431 6.378 5.285
7.184 4.884 5.221 11.047
17.317 17.963 10.193 18.614
5.715 7.087 2.191 2.904
17.936 1.717 14.527 2.845
14.334 0.006 2.544 2.252
4.481 4.383 16.339 8.396
3.850 6.910 11.962 4.725
26.361 7.662 1.566 8.454
23.800 21.968 3.581 11.989
19.521 0.900 4.291 11.126
12.349 3.594 13.618 4.628
7.245 1.212 5.943 2.901
20.163 0.889 5.483 2.147
4.947 7.552 6.936 3.115
0.661 1.168 6.019 9.997
12.459 18.019 3.092 4.850
1.101 2.520 30.349 9.635
6.932 5.662 0.741 6.561
5.224 16.512 11.609 1.642
10.343 0.127 9.221 10.940
24.929 5.297 3.603 12.211
7.678 10.602 5.767 5.395
18.625 9.828 3.199 4.828
16.184 6.284 23.712 8.862
7.475 10.704 11.763 3.182
5.510 10.154 2.082 7.067
4.739 5.438 0.358 21.235
5.551 8.326 14.138 6.788
6.299 12.676 5.988 14.369
11.706 1.068 6.325 12.808
4.808 0.202 13.981 19.340
3.943 1.078 4.569 15.987
0.928 0.422 1.872 4.758
3.577 0.515 8.390 3.560
17.503 2.038 7.869 12.202
12.069 11.328 10.318 1.456
4.071 13.975 12.151 10.970
20.072 17.818 13.897 8.060
2.615 16.737 9.987 4.279
5.512 1.973 5.529 2.938
18.139 5.868 11.542 6.453
6.064 17.012 18.552 6.705
5.508 1.729 24.480 2.345
2.953 0.759 15.572 6.190
9.387 9.700 2.434 1.099
8.348 6.664 11.469 4.949
1.734 13.611 1.413 13.762
7.000 9.028 9.841 7.529
2.564 6.158 4.497 3.028
8.085 8.699 7.555 1.289
12.520 8.689 6.462 5.308
6.215 3.481 1.432 21.082
1.012 17.380 0.427 7.418
13.858 3.509 10.618 3.787
7.528 7.662 1.852 15.986
24.724 0.773 17.805 2.648
1.152 10.282 11.877 14.345
11.860 13.091 3.891 0.198
13.060 1.714 0.656 19.271
20.706 14.661 19.454 3.302
6.805 1.592 25.373 8.913
9.187 3.652 20.074 15.709
1.423 4.966 6.751 11.931
15.153 10.205 0.402 6.367
1.101 11.480 1.218 5.836
9.598 16.576 8.782 6.259
1.133 18.650 11.734 0.920
5.817 2.326 8.407 12.814
5.246 1.076 9.028 8.175
1.835 8.237 17.142 2.268
16.391 15.716 11.692 10.538
4.569 6.319 3.033 18.228
11.331 9.006 1.930 1.246
16.031 5.320 4.848 1.901
31.954 17.938 16.977 18.339
1.147 6.818 10.910 1.994
4.237 10.357 7.896 9.560
1.530 13.614 2.706 6.024
0.286 7.741 6.233 5.416
9.823 2.665 6.938 0.927
8.204 1.992 11.470 6.452
20.815 16.716 13.543 1.438
0.269 6.342 5.795 8.317
11.356 12.031 4.995 2.085
4.616 11.971 2.286 8.236
1.559 5.398 9.965 6.145
7.131 6.131 12.311 5.899
4.232 20.537 1.128 10.673
16.991 5.286 0.800 0.072
4.896 2.080 2.191 11.771
8.331 3.639 10.797 1.709
3.273 0.260 8.432 0.294
4.789 4.547 9.998 0.144
13.946 4.769 16.810 4.285
2.942 10.819 16.165 7.339
1.317 8.392 4.465 3.008
12.223 1.729 2.109 0.263
18.137 1.296 6.072 12.189
13.163 3.824 13.569 10.384
8.365 16.893 12.640 5.034
1.011 3.401 0.640 8.986
12.222 2.377 1.015 4.418
2.390 4.037 6.489 12.484
1.967 23.954 5.340 25.034
18.976 9.783 7.950 6.473
10.399 1.404 8.923 5.112
15.572 11.176 6.068 2.194
19.013 1.874 12.805 1.503
13.956 6.600 13.982 8.728
2.913 17.401 15.790 13.662
15.418 5.945 13.494 0.101
7.478 9.677 2.826 10.246
0.891 3.800 5.734 7.438
13.818 8.997 17.260 9.862
8.769 1.830 13.623 7.631
5.876 3.399 23.940 4.908
13.880 0.397 4.277 6.529
4.933 3.376 8.154 8.340
4.385 1.842 23.685 8.527
2.434 0.767 0.054 9.703
8.575 1.276 3.282 5.913
15.164 6.092 4.190 6.970
12.973 1.974 6.694 11.847
7.952 1.236 5.372 22.418
6.194 9.109 18.351 3.639
0.349 4.494 8.230 13.047
2.884 13.046 18.641 2.130
1.243 10.440 17.941 15.500
8.162 16.370 3.905 5.834
3.221 11.763 4.125 1.195
13.015 10.044 8.812 11.433
5.499 12.319 20.220 6.662
8.486 4.032 8.810 5.059
0.385 6.708 14.219 2.110
15.571 29.879 14.183 8.871
9.387 9.464 0.936 16.990
9.223 10.501 0.862 2.445
12.016 14.752 14.224 5.796
6.413 8.142 1.545 2.798
4.618 4.280 12.880 12.856
12.184 10.691 1.005 17.987
1.880 5.007 17.386 7.296
19.065 12.102 9.000 15.563
6.314 3.738 16.312 16.075
27.425 13.364 8.772 8.784
1.087 12.222 6.380 9.680
0.325 0.025 0.424 15.031
12.943 5.527 14.222 5.968
25.544 11.472 0.361 8.970
1.652 17.701 3.276 9.538
2.466 22.938 14.528 0.625
6.857 22.527 3.450 9.809
4.515 2.341 1.730 2.330
27.471 9.940 5.562 14.470
6.039 6.006 10.857 3.414
5.765 0.656 4.921 4.564
4.813 0.273 21.703 10.967
4.050 7.506 2.075 14.883
27.157 7.991 5.568 3.250
13.547 2.498 6.872 11.750
2.450 1.644 5.766 11.781
3.416 2.541 1.139 6.296
6.153 14.682 3.590 9.875
17.839 8.988 18.009 11.755
5.216 8.871 23.769 6.637
9.298 6.940 13.923 14.220
18.843 29.981 2.041 8.754
5.872 5.509 14.035 8.695
0.332 7.957 4.191 20.522
18.130 4.043 1.213 21.194
3.938 3.069 5.325 1.735
25.256 2.608 5.004 2.877
7.989 3.954 7.625 8.037
0.723 7.057 5.283 2.337
28.241 0.810 10.443 3.700
2.817 4.818 9.970 17.797
13.060 4.307 5.272 20.750
14.295 16.967 18.488 4.642
10.089 7.804 7.029 5.822
3.807 4.039 3.168 0.609
5.788 8.730 4.187 9.331
12.888 15.190 13.908 12.386
7.319 18.774 3.525 13.888
8.492 7.970 15.070 17.938
10.616 12.353 7.399 17.726
2.590 9.262 10.579 12.981
2.207 8.760 7.980 9.505
9.753 1.957 4.285 7.490
10.234 4.484 12.605 0.012
11.138 8.644 2.588 0.153
0.320 1.464 20.587 2.557
6.265 12.461 1.852 0.268
3.759 6.173 7.953 10.575
13.404 0.634 1.597 13.904
12.828 9.290 15.821 13.616
12.948 4.514 9.689 24.231
21.164 3.614 8.274 4.357
11.035 1.857 11.987 18.902
1.652 7.458 6.029 12.368
3.826 2.649 10.471 11.408
5.409 10.037 3.541 9.277
4.633 10.002 9.038 1.806
1.285 0.387 0.137 13.315
10.796 18.655 6.662 4.359
9.864 2.028 0.038 2.327
11.137 0.654 14.220 18.693
18.226 6.888 3.528 13.471
5.949 21.553 2.684 16.136
1.116 0.327 4.664 16.152
14.097 7.385 0.571 18.906
2.192 15.139 4.606 5.756
1.090 12.433 1.590 9.908
6.580 13.611 6.744 3.252
5.408 1.510 7.747 1.479
9.783 2.645 2.163 6.420
3.960 1.359 13.845 1.606
5.623 15.945 2.533 4.426
15.960 20.646 3.501 2.355
11.950 1.900 5.014 16.765
4.367 8.133 1.620 1.130
14.764 5.043 8.739 9.097
1.601 12.722 7.628 13.032
5.325 3.263 4.714 0.523
9.225 13.032 16.080 11.150
1.452 1.143 4.400 10.613
7.092 8.888 2.166 17.759
4.717 15.765 2.727 2.192
3.253 16.690 8.561 9.549
0.924 2.612 10.087 8.083
18.234 15.535 9.422 1.434
0.905 0.546 2.102 3.991
1.527 5.134 20.072 1.106
8.871 5.944 13.817 10.047
19.279 0.207 4.295 0.548
4.048 2.377 11.346 2.420
6.126 6.492 8.536 1.168
19.062 11.910 5.036 13.875
3.663 1.279 16.590 14.734
6.136 5.197 3.056 1.793
0.012 1.993 0.490 6.510
4.968 10.672 10.193 4.179
18.818 9.571 13.726 2.538
1.518 4.604 3.450 4.647
4.786 6.298 10.748 7.483
8.034 7.539 5.654 9.173
16.042 24.593 12.177 5.444
2.347 2.644 4.291 0.467
16.822 4.557 3.330 4.128
0.662 5.041 7.244 0.688
1.939 3.595 3.718 16.949
2.556 1.543 1.205 12.182
18.527 3.778 9.942 1.448
1.574 17.259 2.254 9.569
10.981 4.126 20.680 9.341
1.264 6.010 19.765 3.869
14.337 14.660 6.605 2.314
1.257 6.416 5.491 6.929
2.322 2.223 4.485 10.902
10.551 30.492 0.405 14.325
3.438 4.688 3.789 1.804
10.391 12.650 19.524 8.685
1.317 4.678 24.260 2.794
12.300 24.084 23.021 2.899
3.859 11.338 5.125 6.056
7.509 1.627 0.460 14.499
31.659 2.246 13.906 8.327
10.581 6.682 6.520 9.642
2.707 20.335 11.838 12.013
1.749 9.885 5.079 20.117
6.143 3.048 2.788 3.632
5.090 11.258 13.703 24.768
13.506 20.344 9.063 11.149
3.811 13.741 7.387 9.836
16.233 12.792 0.393 13.254
17.132 3.659 7.146 7.403
13.230 1.009 6.061 15.711
9.137 16.919 8.091 7.079
16.403 11.096 11.265 3.030
1.405 7.176 1.140 2.180
3.384 11.858 16.855 2.363
3.119 1.822 3.822 2.530
0.513 20.993 3.612 10.579
14.242 2.440 9.147 1.708
12.625 5.763 10.577 6.788
4.323 7.977 5.523 8.179
3.815 14.509 1.393 11.196
9.832 5.792 17.023 4.201
7.691 0.866 3.147 6.064
9.660 11.316 8.893 5.435
24.772 14.517 7.024 12.846
5.446 13.936 6.923 0.179
18.085 0.341 12.459 11.721
9.067 1.213 9.577 20.086
7.300 5.635 4.395 1.326
15.622 14.302 5.735 9.680
6.847 4.982 18.216 8.238
8.597 4.590 0.887 3.406
1.010 8.447 14.045 9.103
1.398 1.600 2.413 11.043
6.620 2.479 22.990 13.212
11.929 6.904 10.216 9.336
20.936 3.146 14.001 3.085
6.848 13.277 1.344 7.137
17.878 12.613 16.328 6.279
2.761 22.469 11.534 7.556
9.079 19.150 3.903 6.030
1.343 7.866 11.091 1.345
14.350 24.585 4.576 0.717
22.603 7.255 7.414 11.704
7.134 0.184 0.777 1.291
1.069 7.296 7.417 4.304
9.877 2.053 1.407 10.770
17.244 2.423 6.528 0.813
10.958 2.338 3.653 5.747
5.646 7.109 1.070 6.749
8.368 20.404 1.079 18.072
1.113 7.923 9.527 0.103
17.831 11.944 7.526 1.115
6.817 8.053 3.420 6.853
9.225 3.653 10.412 8.252
6.249 3.588 0.277 1.751
1.683 7.448 4.438 18.589
13.266 4.927 5.891 4.256
11.191 14.043 5.104 6.473
6.605 13.151 1.240 5.471
6.394 4.130 13.339 12.556
11.118 1.491 3.783 1.852
11.186 0.207 5.447 0.099
0.817 6.127 3.304 19.684
5.897 6.962 10.441 4.643
8.221 9.679 11.088 10.058
12.232 3.757 2.566 11.213
3.485 5.282 3.617 9.305
17.949 10.288 2.012 7.152
18.262 5.144 0.192 3.834
26.021 2.741 7.938 0.908
17.366 1.979 13.476 10.833
9.927 6.422 1.152 7.253
3.347 1.137 13.478 3.562
0.370 13.944 10.729 5.610
8.311 22.414 3.343 11.176
5.594 1.291 4.164 5.947
18.022 0.168 8.685 21.935
8.155 3.691 9.161 8.362
1.296 1.593 1.259 5.123
11.913 0.764 5.913 6.613
5.282 9.420 6.597 16.096
14.905 2.247 0.904 0.513
20.430 0.008 0.078 7.351
0.766 4.798 2.360 9.136
4.541 17.727 13.796 13.277
7.481 1.428 12.779 2.209
18.785 16.734 5.068 10.677
4.100 1.880 0.600 8.019
0.505 3.729 14.513 12.024
10.689 11.179 4.452 1.201
0.320 0.649 5.410 8.242
2.187 3.397 10.940 23.190
8.218 6.215 5.157 1.550
16.046 8.733 7.263 0.574
3.267 3.640 1.122 14.721
6.048 5.840 3.583 14.384
4.981 0.787 12.484 4.992
0.665 0.697 17.934 15.678
6.135 2.998 3.022 21.752
17.184 12.565 6.221 13.055
15.611 11.020 1.745 10.508
4.056 1.504 8.447 1.303
1.831 6.488 8.521 9.029
4.787 12.473 16.144 12.458
3.949 3.575 12.421 4.450
4.569 16.918 6.436 20.650
5.707 15.952 7.636 12.253
2.221 0.358 25.956 3.058
10.513 25.225 7.302 22.966
12.228 1.955 3.472 3.945
12.264 2.355 0.371 2.716
12.296 6.241 20.755 1.726
0.609 11.482 2.349 18.507
3.853 20.317 14.726 9.547
6.029 16.559 1.073 0.998
6.843 5.282 12.939 7.024
5.604 12.751 8.960 20.916
0.512 13.904 15.938 5.183
4.085 2.439 25.490 12.157
15.087 2.890 12.776 4.290
2.242 5.412 0.717 8.209
20.300 19.642 2.721 3.568
13.534 12.609 4.511 12.043
3.173 3.138 12.159 7.036
13.977 12.664 14.070 1.535
5.245 7.312 23.119 8.062
2.822 6.785 3.039 1.667
2.683 6.242 7.004 4.467
11.544 22.963 6.750 10.439
8.573 3.602 7.193 4.756
8.312 22.160 21.060 7.101
3.035 0.295 8.039 6.318
20.164 10.851 0.093 1.488
1.645 15.378 0.468 0.353
7.347 5.146 4.350 8.668
0.018 4.466 0.141 8.340
6.501 16.071 6.305 2.584
2.752 7.871 10.847 6.531
9.443 1.683 2.098 3.024
22.964 7.948 5.094 0.293
0.802 11.599 2.213 14.444
7.553 7.429 13.185 3.974
2.774 6.289 2.615 16.634
1.060 16.854 11.709 6.248
24.770 5.998 4.579 12.468
7.360 15.494 14.165 15.027
11.800 0.937 0.575 18.910
12.584 9.528 30.792 3.253
3.661 9.299 5.238 11.217
4.550 6.135 12.259 25.486
0.019 0.082 13.754 9.720
0.971 16.226 6.332 6.557
1.852 7.958 7.248 11.212
13.909 19.413 24.025 0.357
3.339 5.150 4.570 1.420
7.581 9.930 6.839 0.399
4.425 6.381 11.945 1.772
7.553 5.388 4.682 1.050
1.423 7.887 16.093 20.248
6.417 1.563 0.321 14.786
7.607 0.022 10.884 5.720
12.462 8.603 1.123 14.154
16.147 7.536 12.140 5.580
2.237 1.064 14.244 0.908
2.184 14.949 0.666 7.684
4.274 1.692 22.213 1.585
3.421 7.861 6.177 7.298
5.479 4.203 2.688 10.870
2.562 19.677 0.243 12.194
9.926 9.449 9.012 10.438
12.682 8.143 8.597 1.943
7.933 8.833 17.804 17.952
20.107 1.114 24.300 2.932
16.671 5.569 0.466 0.007
1.933 3.670 7.864 2.316
11.039 2.181 19.565 19.254
1.884 22.178 3.250 4.101
2.701 26.883 0.153 7.824
2.032 0.819 10.371 4.652
0.409 1.505 4.550 20.281
2.890 1.788 0.039 1.738
11.419 9.810 0.291 12.570
2.994 4.719 2.431 5.796
18.443 2.824 2.779 0.616
0.342 2.862 1.392 3.420
10.638 11.383 2.101 2.491
8.369 12.457 10.187 6.748
0.051 6.550 6.968 5.187
9.569 13.549 13.247 10.660
4.932 12.845 1.829 1.653
9.400 0.629 1.777 1.264
4.377 7.002 4.588 5.197
0.487 12.389 1.898 0.310
3.921 4.084 8.145 12.631
13.753 2.380 11.343 6.678
5.262 12.433 5.282 3.739
13.648 0.590 0.610 14.196
7.346 1.761 12.646 3.157
1.041 9.383 2.467 9.427
16.934 4.407 15.179 7.458
6.697 0.329 2.880 14.384
24.113 12.423 10.465 6.870
4.184 1.167 16.766 18.855
3.763 8.428 7.990 11.800
6.641 2.453 13.609 17.699
9.033 9.058 9.536 7.581
8.033 1.857 33.480 5.786
1.003 12.420 12.723 9.079
8.238 0.038 6.555 2.797
16.835 4.783 2.610 0.730
1.568 13.063 14.595 5.372
7.928 1.807 8.031 17.606
8.058 14.909 3.760 9.796
7.600 5.466 3.107 14.230
3.747 21.341 5.621 2.193
0.997 12.606 11.011 6.298
8.927 1.939 25.846 2.324
0.242 4.322 0.256 1.445
10.272 12.505 5.199 7.687
1.985 4.509 7.795 4.023
7.673 8.175 7.836 9.634
6.779 17.348 3.665 2.096
10.595 11.062 4.598 6.946
1.158 9.259 9.748 6.324
1.359 0.789 6.383 18.662
20.129 4.726 9.878 6.497
6.056 7.860 11.153 4.718
10.384 7.471 20.463 1.310
0.024 10.097 7.969 12.978
8.689 2.512 1.766 3.944
1.412 9.045 5.745 9.016
1.622 0.259 3.541 11.874
15.959 22.433 15.291 5.083
4.776 14.781 18.853 11.160
7.417 1.829 16.751 6.583
6.761 5.129 21.092 11.393
1.681 0.586 15.805 10.668
6.772 3.372 2.787 0.410
7.252 8.252 25.248 4.174
20.756 2.691 10.143 11.487
0.181 24.094 24.131 4.162
12.616 0.475 11.038 14.568
13.011 0.407 1.553 1.030
5.395 16.555 8.126 31.287
14.106 0.239 13.183 15.882
7.606 5.580 8.895 6.728
3.611 4.569 1.955 5.642
4.875 4.956 0.245 13.760
6.860 0.161 13.412 7.347
32.306 0.975 14.308 16.177
5.466 1.346 5.104 5.725
13.985 12.245 2.216 1.707
3.623 4.496 3.615 18.413
12.084 2.679 5.139 24.106
3.544 11.625 7.690 1.292
10.438 6.627 5.862 2.295
8.698 2.447 12.004 3.448
16.591 2.267 14.537 0.326
17.924 17.107 13.837 5.211
2.937 6.420 0.974 12.487
9.528 20.382 15.481 8.025
0.540 1.742 9.406 9.986
8.664 11.814 5.862 14.553
1.047 4.535 10.395 5.133
7.011 15.057 5.125 5.493
6.128 7.861 3.503 4.937
21.701 4.267 8.724 19.672
9.586 12.311 0.855 13.716
0.625 1.386 6.938 9.714
5.106 22.558 17.534 10.872
9.035 18.558 7.714 6.340
9.308 1.869 15.335 9.338
1.093 12.579 16.045 4.905
5.129 3.074 2.648 11.059
9.498 2.672 17.675 2.050
10.463 6.595 25.423 5.765
5.893 13.814 12.920 4.337
2.828 7.080 3.753 5.472
8.186 3.977 12.208 0.056
4.497 8.741 3.855 6.064
0.035 6.973 13.327 8.369
1.176 6.428 2.959 2.164
6.121 8.057 13.102 8.372
4.162 0.866 12.191 15.179
7.953 2.482 13.511 10.444
1.051 8.772 2.352 1.240
1.620 5.930 12.681 2.097
8.975 0.794 13.046 5.664
7.702 16.237 5.957 10.661
16.330 9.724 4.466 0.968
1.385 0.706 7.890 10.955
10.119 14.085 3.927 14.412
13.618 9.686 8.707 5.619
14.824 1.331 3.048 9.503
8.640 1.422 5.327 6.249
12.515 9.848 6.350 7.436
22.214 7.662 7.605 9.527
10.425 6.415 16.027 4.898
2.801 14.093 18.028 2.458
6.396 12.174 0.169 12.921
9.418 10.268 10.493 8.315
11.960 17.688 11.553 12.324
8.348 2.508 4.329 2.525
10.544 8.827 20.586 4.543
9.938 7.363 8.608 9.178
5.672 4.440 3.542 5.972
1.357 2.445 6.220 6.053
0.527 0.125 6.764 8.149
4.074 0.326 8.731 6.514
10.005 9.632 0.632 9.694
11.671 9.354 0.198 7.283
16.922 4.424 15.476 6.908
11.475 7.705 7.602 18.486
2.025 13.306 0.052 9.732
12.043 1.228 2.690 0.608
13.914 9.566 8.960 9.964
9.867 20.417 6.471 10.413
14.126 4.171 5.387 8.227
5.547 4.392 4.695 8.624
12.870 0.143 0.166 7.715
5.678 3.471 0.241 16.461
13.903 11.638 19.947 16.644
9.679 10.992 12.253 6.697
4.851 9.703 21.307 1.449
3.769 4.865 2.042 8.207
14.278 1.251 6.509 11.531
5.198 13.823 0.310 21.267
13.183 0.527 8.416 6.319
4.645 5.483 1.165 9.246
4.358 21.623 1.046 4.045
5.970 0.658 9.445 2.258
8.426 1.935 16.628 10.291
23.614 6.769 19.489 9.747
2.062 4.037 15.770 3.974
2.288 5.402 3.889 3.419
7.816 0.725 1.568 3.646
6.262 6.677 14.222 17.561
3.618 12.242 8.710 7.771
4.989 7.702 0.736 6.716
4.861 5.979 6.072 10.885
12.108 0.480 15.704 0.641
2.117 10.357 19.858 10.891
15.343 2.420 6.128 1.705
11.576 6.290 11.309 4.696
1.083 2.277 7.365 18.297
15.628 10.278 7.188 1.647
9.913 15.196 2.786 5.262
12.227 6.554 3.403 3.880
9.281 3.617 4.272 7.738
12.334 14.455 4.312 4.211
2.877 9.322 0.295 12.834
8.500 12.213 14.499 13.789
15.387 6.315 8.891 16.857
5.768 13.193 3.431 8.104
20.006 1.157 14.661 3.325
8.264 6.058 1.816 0.733
4.220 8.024 12.854 15.740
8.781 2.605 2.146 5.437
5.934 7.923 2.879 13.807
6.460 4.293 20.655 6.813
0.815 0.880 7.455 15.159
6.614 13.054 10.579 13.695
6.162 14.629 5.749 2.261
8.815 4.059 20.832 16.933
13.453 13.896 2.708 13.979
6.574 10.380 2.152 8.392
14.995 9.462 5.173 19.337
13.124 9.306 15.101 4.726
0.135 20.807 2.316 7.188
5.627 10.803 16.650 5.880
12.315 1.586 6.896 8.082
8.777 0.459 8.675 0.266
0.352 15.307 13.353 1.815
8.677 3.807 24.808 21.965
4.694 13.606 24.816 0.089
0.048 2.562 2.391 16.113
0.371 11.744 10.316 11.479
3.531 9.803 12.226 19.053
6.375 0.847 10.442 14.436
0.007 6.780 5.380 10.288
13.450 14.955 0.779 0.459
0.735 10.927 14.233 1.635
4.005 11.359 7.895 0.751
9.938 1.205 5.936 4.399
8.450 9.784 17.416 32.549
4.003 2.466 15.283 3.998
5.399 16.661 4.088 8.174
13.596 17.056 3.727 9.701
11.630 4.712 2.205 24.485
13.865 12.302 2.636 6.341
3.361 12.796 0.753 1.771
6.537 10.797 0.524 2.004
19.586 7.670 14.490 21.607
5.762 20.917 2.712 2.109
2.955 7.396 21.361 14.188
1.763 21.163 5.227 0.370
2.663 8.992 1.160 9.738
10.635 3.747 0.060 12.041
1.240 30.518 13.313 5.731
2.218 7.628 7.259 18.075
0.250 11.648 2.240 1.288
1.182 0.828 1.828 12.221
0.268 11.260 0.400 19.022
2.507 13.025 16.697 4.471
9.252 8.544 4.155 8.975
8.187 4.057 4.560 13.364
0.632 12.187 2.482 2.998
9.787 3.404 10.012 11.400
5.036 9.711 1.942 4.503
20.304 2.897 8.963 19.783
13.411 10.468 5.098 14.452
14.310 7.259 9.663 17.895
14.715 9.248 8.864 1.029
10.520 2.680 1.807 11.624
12.060 4.448 26.219 4.702
4.726 4.169 13.081 18.977
10.750 5.859 15.285 16.066
8.348 1.242 8.464 6.052
8.055 15.241 7.936 12.574
12.802 5.692 4.251 7.321
5.783 8.957 0.073 4.203
2.043 28.313 9.413 4.350
15.152 14.830 7.101 18.448
7.829 8.992 7.480 2.438
1.823 5.608 19.532 18.972
5.788 8.400 10.116 4.495
1.109 3.316 9.459 0.275
7.779 0.384 4.365 2.655
5.722 2.645 4.489 22.973
1.188 10.264 10.019 12.336
4.712 2.960 6.721 1.991
14.792 21.239 4.389 0.875
6.133 4.837 7.534 2.162
4.281 5.490 14.864 11.004
11.448 12.787 17.661 17.588
11.495 7.641 23.321 10.656
0.453 17.167 22.648 14.622
12.604 10.619 3.741 13.783
9.700 6.185 3.275 8.099
12.633 7.293 0.403 3.389
9.422 10.716 17.814 16.815
6.428 5.490 12.053 2.649
7.409 0.314 2.538 4.095
3.538 4.821 5.230 3.528
21.629 1.883 3.830 3.451
3.898 9.227 5.382 1.839
0.163 11.962 2.399 23.648
9.823 7.822 9.072 1.746
5.666 9.967 3.191 6.743
3.120 8.698 14.934 11.222
12.181 0.717 7.736 16.925
5.072 2.038 10.949 1.657
3.010 6.937 0.659 1.544
2.121 4.678 7.016 6.225
0.847 4.849 13.271 15.798
10.886 10.843 2.349 8.757
11.217 7.962 10.571 1.487
4.336 4.340 17.819 9.232
2.110 9.883 3.733 23.478
3.677 22.274 6.895 12.723
0.296 12.759 1.422 2.809
2.876 2.272 4.772 8.951
18.762 8.911 1.306 9.718
11.246 3.581 7.225 13.656
12.246 9.828 3.346 2.099
3.019 9.633 2.932 9.037
7.778 21.111 0.156 4.603
15.402 0.929 3.987 3.380
2.055 8.275 2.091 2.634
4.096 2.062 6.627 0.389
7.749 16.224 4.477 1.473
21.254 1.273 2.337 17.008
11.025 28.204 5.066 2.377
12.683 19.529 0.556 7.514
3.711 3.896 0.744 11.491
0.253 8.140 4.480 10.945
0.977 5.417 8.430 2.744
16.406 10.869 5.460 11.536
21.527 2.452 2.657 3.719
26.276 9.653 10.299 5.664
5.582 1.363 0.625 3.950
7.870 14.128 2.669 28.656
5.703 6.528 25.129 10.875
7.972 0.481 0.192 3.539
6.260 2.807 11.605 7.613
24.942 15.135 9.236 11.998
14.940 15.876 8.820 1.254
0.878 14.086 2.972 3.443
7.035 13.892 5.614 2.312
11.050 7.944 1.523 0.040
5.032 12.423 8.782 6.423
6.822 3.136 7.203 12.760
0.524 7.519 4.264 1.170
5.895 1.543 8.220 1.209
6.186 20.936 8.499 11.173
24.483 6.940 0.855 2.749
13.044 8.309 13.440 10.804
5.031 7.058 7.474 19.652
3.056 1.779 13.190 7.470
14.396 6.123 7.701 26.336
5.345 6.897 2.218 19.299
9.116 2.437 2.765 11.947
6.225 0.516 3.382 3.576
15.777 7.899 16.171 9.407
1.955 1.448 14.480 14.498
12.325 6.558 2.966 1.727
10.304 12.379 14.973 0.451
17.984 4.887 13.757 2.277
7.723 9.767 5.161 4.225
0.614 7.761 9.590 7.830
20.505 12.118 13.923 0.638
10.087 10.696 17.132 13.506
3.812 12.920 3.237 13.571
5.903 0.368 6.479 1.635
3.254 11.454 16.883 5.894
6.061 3.643 4.348 1.462
3.080 3.126 2.037 6.509
0.199 0.317 6.335 11.998
1.866 16.655 11.684 1.915
3.837 7.728 7.779 14.678
12.959 1.530 5.059 8.235
5.906 13.621 11.884 2.500
25.592 6.377 6.091 4.709
12.904 15.929 10.858 8.917
13.053 1.124 14.138 3.051
4.822 15.103 3.636 13.374
12.733 9.663 0.162 13.787
15.645 13.099 2.234 22.658
14.056 0.431 6.913 3.036
6.772 8.819 23.589 8.192
8.880 9.507 17.713 4.161
4.999 6.154 1.324 4.470
10.522 13.817 6.810 10.065
26.767 4.416 10.764 0.763
0.792 0.133 0.577 3.271
12.195 3.138 3.780 3.691
6.449 12.164 6.325 10.072
6.172 3.803 3.962 11.582
0.590 2.579 9.912 9.173
3.118 2.796 30.193 5.813
3.545 25.605 7.406 6.576
3.031 12.976 4.376 12.949
1.167 3.113 0.513 9.540
6.429 3.565 5.433 2.493
0.425 6.888 9.233 9.410
7.367 14.450 6.416 22.200
17.145 2.630 4.904 4.337
7.437 9.318 4.414 2.039
3.014 6.864 10.420 1.712
0.239 8.945 1.424 16.909
2.339 7.416 4.230 17.991
4.413 1.595 1.471 3.698
10.527 14.112 0.155 1.238
4.504 16.270 8.996 1.734
4.887 6.320 5.853 15.454
3.498 0.192 16.465 10.667
4.525 10.593 5.551 1.835
11.354 8.221 4.230 6.994
0.271 0.767 17.262 3.746
4.692 0.886 7.196 22.489
2.977 6.833 13.422 3.374
2.880 9.694 4.710 4.596
13.352 1.414 15.090 5.757
9.692 8.357 12.303 6.095
8.750 23.888 9.506 0.418
8.493 2.398 9.216 2.877
7.667 4.987 4.871 2.948
1.045 12.155 13.062 6.340
2.797 7.511 9.477 4.591
2.768 1.474 1.024 0.864
14.436 4.943 3.313 4.789
14.579 6.236 10.714 1.274
13.443 0.252 21.453 1.695
6.388 7.413 10.135 15.837
8.767 8.873 0.017 0.590
12.150 10.401 10.505 4.716
10.402 3.101 8.542 13.896
0.081 2.133 7.094 0.172
2.864 4.150 0.248 4.234
3.842 0.827 20.991 1.733
0.229 12.856 4.064 2.450
16.490 2.578 1.307 2.401
10.501 12.063 14.797 9.887
0.785 3.569 3.745 7.369
7.035 15.647 2.763 6.350
5.445 25.656 23.186 8.464
7.981 4.473 7.933 5.669
4.151 17.084 11.667 6.917
10.882 23.918 0.914 9.826
19.489 3.995 1.841 4.567
18.099 7.443 10.313 4.213
9.109 9.489 10.850 5.721
5.097 3.705 6.159 16.019
11.055 5.576 2.574 13.009
22.121 6.396 11.476 5.829
2.449 15.401 2.252 4.176
7.615 13.128 3.433 9.603
8.976 10.748 6.449 12.853
12.017 1.096 6.904 2.404
10.017 5.874 10.891 3.472
5.944 6.617 1.596 14.690
7.463 6.990 9.466 6.886
5.337 17.059 12.132 9.053
5.568 6.167 22.841 10.245
11.534 7.986 5.993 0.562
2.019 12.269 4.301 11.501
9.609 5.711 12.090 6.678
12.646 18.100 6.314 12.868
4.366 15.540 6.752 14.894
4.493 8.239 0.055 25.315
11.374 2.661 7.989 2.311
0.942 0.178 9.218 3.786
1.453 18.489 1.777 1.654
11.946 14.816 1.783 4.932
0.905 16.309 15.819 11.959
10.926 4.955 1.278 6.834
10.138 23.447 6.564 0.691
2.888 20.464 4.212 12.601
15.006 18.344 5.232 3.109
9.544 12.516 4.805 1.140
2.845 8.171 1.154 12.205
0.082 11.340 2.614 6.281
12.354 1.555 12.250 10.864
5.187 3.085 12.296 6.818
3.156 9.386 12.078 0.127
5.796 12.347 4.769 8.067
2.025 9.451 10.829 7.196
18.618 11.844 1.090 7.673
4.338 1.810 10.276 30.095
16.796 16.637 9.962 1.132
12.798 6.589 12.256 0.935
2.962 1.237 13.871 16.673
5.105 7.101 6.983 2.237
14.434 2.152 5.259 4.136
6.647 2.966 2.354 8.624
0.760 4.295 9.402 2.719
7.094 12.219 21.597 9.433
1.571 2.726 8.288 20.356
6.359 6.371 8.006 24.619
12.096 8.980 11.273 15.324
4.727 5.746 9.777 9.898
6.811 3.259 0.829 2.692
3.966 1.613 1.215 3.759
7.034 13.173 9.344 3.816
17.108 18.242 14.947 0.778
10.596 1.593 12.688 6.050
8.188 4.828 17.988 11.375
21.333 9.204 5.356 3.975
8.737 18.676 4.207 11.071
10.354 8.827 9.421 7.350
1.501 2.856 1.860 3.096
4.199 13.103 16.631 10.930
25.614 2.247 0.189 7.841
11.449 12.800 3.156 1.184
0.522 12.410 5.199 0.910
4.115 2.830 26.681 10.649
8.148 0.017 2.046 13.668
3.501 0.683 1.433 7.182
12.610 6.481 22.222 12.427
1.265 2.084 3.644 5.832
9.698 16.370 3.865 10.731
4.154 3.017 5.521 3.544
5.208 1.494 6.698 5.259
0.535 9.216 19.072 4.407
5.298 5.165 8.695 7.519
15.543 3.028 5.307 13.534
14.588 14.034 27.336 6.477
0.343 11.398 6.917 2.375
13.315 8.793 17.536 3.510
5.339 17.436 13.101 2.715
2.921 3.608 7.639 3.898
10.697 8.395 15.362 8.058
5.440 9.070 9.273 3.076
9.980 7.735 1.217 12.330
11.550 16.286 15.431 15.815
16.554 19.619 21.553 4.618
0.197 15.627 1.509 1.850
1.270 38.852 17.997 11.815
2.176 6.269 14.711 3.452
7.657 11.142 15.071 2.101
4.344 3.752 2.411 7.468
0.027 13.167 7.013 2.175
9.135 7.494 4.323 1.334
9.622 5.457 6.897 5.726
9.455 21.046 11.724 6.559
13.656 5.476 4.799 4.066
18.800 1.552 0.305 0.780
16.936 19.613 0.708 9.464
1.839 2.454 6.553 20.104
5.923 7.939 9.967 21.109
1.635 16.275 7.135 12.726
5.001 17.024 7.132 3.472
6.035 13.735 9.445 0.380
5.292 5.501 3.493 7.444
8.081 8.250 1.335 11.948
3.707 5.348 7.998 3.533
5.297 6.403 18.537 2.552
2.379 3.917 13.247 6.043
13.171 32.876 1.559 18.788
0.771 12.943 2.355 4.662
7.505 6.323 6.305 7.998
6.268 24.214 8.783 1.516
7.392 0.719 8.570 11.699
6.123 7.098 9.397 6.439
29.118 3.186 3.501 9.820
5.241 8.543 12.426 27.024
7.490 4.751 21.187 9.391
15.705 11.059 0.494 2.646
10.420 1.041 1.621 4.076
0.605 8.027 4.407 1.385
9.455 0.823 2.872 0.451
16.103 8.307 0.090 3.418
2.062 12.511 19.934 7.747
8.492 7.217 15.367 15.565
10.745 2.453 7.924 4.964
1.165 18.033 7.952 9.108
7.890 3.805 7.310 3.088
0.533 7.574 4.812 10.316
8.270 4.172 8.168 0.505
5.772 2.320 3.796 6.253
9.544 0.793 7.512 2.051
12.424 2.701 5.232 30.620
7.864 13.079 11.408 1.525
1.104 11.561 8.858 7.932
21.283 9.156 8.362 9.472
12.747 3.832 3.277 1.817
0.603 11.478 3.332 13.471
3.346 0.761 13.180 2.922
11.802 17.087 6.733 1.199
11.789 11.969 7.840 0.687
0.521 7.960 1.185 0.328
14.244 1.716 3.917 2.977
25.428 5.747 9.417 3.123
5.170 3.048 17.576 5.063
0.505 3.088 7.059 7.849
4.843 14.251 11.353 5.078
5.150 8.359 11.454 3.158
4.520 1.900 7.287 6.456
7.143 9.782 16.904 6.726
7.858 5.509 4.160 13.471
1.985 0.633 18.015 3.622
16.871 13.947 9.236 6.551
0.594 7.459 12.621 15.660
13.903 2.069 5.178 29.449
11.342 1.884 40.270 7.510
6.767 10.682 4.453 6.803
8.648 4.910 9.814 13.039
6.029 17.742 0.626 4.555
21.627 6.621 3.705 2.491
1.919 4.289 1.891 8.359
8.601 11.261 1.997 10.112
3.387 5.477 4.143 4.355
0.988 9.458 3.739 5.130
9.787 14.773 6.631 4.865
8.472 14.848 18.874 8.018
13.700 4.287 5.705 6.769
2.065 2.882 2.931 5.011
1.275 4.364 10.840 4.785
3.818 11.610 2.841 6.682
4.475 10.984 18.024 8.420
10.781 18.382 2.997 8.399
8.549 19.186 0.158 1.467
2.013 4.254 9.231 0.026
3.836 4.559 5.789 7.369
4.732 14.391 3.822 11.169
10.510 11.602 2.048 1.080
2.154 11.487 9.445 2.848
13.261 9.048 3.491 16.775
2.942 4.011 3.197 15.891
6.416 3.236 4.595 7.986
5.611 6.909 7.623 9.224
12.465 8.554 6.702 4.790
10.454 17.033 9.890 6.012
22.698 3.087 10.813 0.763
0.948 2.204 11.298 7.461
15.208 2.159 3.013 2.916
25.006 16.161 16.187 9.844
9.763 5.999 9.648 12.047
9.871 4.355 16.937 6.077
5.319 3.035 17.088 0.519
3.259 3.458 6.564 15.103
12.195 0.675 9.754 5.742
10.090 10.918 0.362 3.789
3.269 0.260 16.120 13.869
17.098 5.937 9.673 5.497
14.421 1.237 1.200 3.736
3.111 3.106 3.501 2.289
3.820 11.803 9.125 3.105
19.305 0.404 0.426 9.486
0.030 14.714 2.678 8.993
5.260 8.418 12.975 11.269
15.624 20.494 9.500 21.990
7.395 11.045 0.553 7.146
2.451 6.214 3.336 11.224
0.545 0.323 11.107 5.747
1.445 8.460 5.582 9.734
9.402 11.624 12.604 7.596
11.725 5.125 1.959 6.282
1.130 9.255 0.684 2.645
1.797 11.939 15.696 4.002
21.232 10.383 5.224 10.186
0.043 10.620 1.804 2.343
2.637 4.446 0.714 2.195
5.683 1.713 3.388 5.602
4.620 7.944 8.924 2.160
5.118 17.185 5.786 3.543
7.132 3.916 10.236 0.196
3.664 1.740 17.820 2.444
10.360 5.444 2.541 18.436
3.042 0.852 4.246 8.368
1.029 5.107 10.807 7.192
4.098 0.288 9.011 2.741
2.027 6.925 4.675 2.305
17.035 1.356 9.519 0.315
14.546 11.170 15.200 4.886
6.592 0.670 14.782 11.641
6.141 7.711 11.865 10.204
7.226 6.482 6.969 4.692
1.424 4.098 15.176 8.338
0.977 5.093 6.709 6.109
4.136 0.693 13.918 8.280
5.545 11.349 1.368 2.796
15.493 1.689 7.942 8.748
13.463 11.322 5.376 1.831
6.071 28.852 18.738 7.874
22.620 21.231 7.629 1.685
8.658 10.210 0.391 0.944
9.746 10.304 3.116 2.649
15.085 0.174 22.108 9.591
1.750 1.646 1.650 4.974
1.801 6.757 6.561 19.797
6.489 12.159 3.900 1.617
23.386 8.292 11.352 4.614
5.586 13.553 14.035 7.627
3.028 4.975 8.536 3.734
7.981 1.651 21.838 3.969
1.833 2.252 8.248 7.385
3.048 4.629 3.298 7.962
21.843 0.573 2.247 7.392
7.001 1.319 3.397 0.391
19.672 7.937 19.004 4.705
2.592 1.923 4.536 19.168
6.081 8.356 1.721 9.749
8.808 7.300 6.313 17.058
10.476 3.373 1.717 9.880
6.015 8.699 3.132 7.098
22.866 1.647 4.809 13.519
22.066 15.565 18.849 9.755
11.356 7.103 4.276 1.466
19.384 2.105 1.569 15.228
1.067 2.879 4.995 1.092
15.603 6.155 21.794 5.883
2.353 3.157 21.301 7.350
14.358 12.906 6.371 0.043
1.184 12.088 3.885 4.479
22.274 4.199 1.831 0.486
22.586 17.088 3.202 1.428
8.852 1.603 1.914 20.257
13.486 0.103 9.104 18.973
7.869 14.959 5.473 5.420
2.320 6.257 13.635 3.593
0.389 1.155 10.830 9.063
13.089 14.476 1.178 6.671
13.000 2.730 22.379 6.782
3.356 0.211 6.612 7.084
18.734 4.807 1.596 3.110
23.887 5.498 9.956 6.447
20.656 12.190 2.830 11.814
4.426 9.129 6.649 6.044
18.884 18.130 8.229 4.686
0.993 10.204 3.079 9.453
1.363 14.523 11.864 6.678
5.980 13.631 2.401 3.462
4.790 4.974 8.139 3.784
1.543 8.552 4.106 5.468
4.276 15.224 2.700 0.751
2.715 6.889 6.292 19.396
11.183 2.540 8.372 2.794
11.400 6.128 0.910 9.770
11.969 21.191 4.159 4.528
8.414 4.748 11.144 1.083
14.955 2.247 9.341 2.526
18.885 13.523 5.259 3.791
13.485 14.425 9.031 2.608
18.361 11.006 4.678 12.355
1.013 8.242 11.830 7.872
15.681 6.797 9.887 13.400
1.854 12.339 4.953 14.683
7.891 2.655 0.844 5.538
4.434 5.892 9.105 7.807
16.382 0.106 0.940 15.496
9.951 7.703 4.146 6.208
4.857 5.438 4.752 6.288
11.404 7.038 10.378 3.048
2.108 5.617 20.693 2.997
8.832 2.455 2.098 4.465
4.743 8.414 0.547 4.728
4.240 0.387 13.228 6.981
3.870 9.425 0.514 2.784
0.050 2.522 4.630 26.828
18.035 18.960 13.885 3.301
0.485 2.366 9.881 1.041
1.183 5.876 0.922 5.272
2.867 4.400 6.429 1.491
0.651 1.323 2.691 11.855
2.692 3.116 4.795 11.720
0.633 0.226 0.370 6.016
5.088 9.269 3.652 24.738
1.481 1.855 8.611 7.144
3.421 10.654 10.302 9.469
8.576 4.229 18.385 3.697
7.958 0.807 0.255 15.179
12.636 8.218 7.070 12.312
23.345 14.018 9.551 8.910
19.185 6.234 2.933 10.133
5.595 0.848 2.778 1.730
7.231 2.087 7.746 1.895
7.146 2.385 4.636 1.983
5.514 5.118 0.964 10.723
2.957 7.798 5.759 8.242
4.133 12.207 9.120 13.270
5.139 11.132 10.172 10.486
4.903 2.347 7.885 4.660
1.141 0.583 1.550 5.205
2.858 0.631 15.877 3.205
18.656 9.894 4.509 4.873
7.832 4.319 13.375 2.527
9.421 4.452 3.191 1.834
0.040 12.593 8.751 9.301
7.140 0.085 13.920 5.668
0.057 0.997 11.214 10.224
12.784 5.081 0.819 8.690
2.465 13.965 11.601 5.374
7.489 3.497 27.701 15.394
1.910 8.379 5.931 0.173
3.368 0.617 7.670 16.811
12.526 12.421 1.704 15.103
7.800 5.888 2.407 9.822
0.513 2.223 6.917 9.878
7.464 15.043 5.471 2.388
2.700 9.595 8.302 4.097
6.295 2.781 9.603 11.290
20.304 6.684 4.591 1.692
10.996 5.583 2.827 9.123
4.635 12.886 16.681 0.920
12.193 4.701 14.048 0.389
4.140 7.194 4.055 24.732
17.843 10.427 10.880 5.129
13.432 13.664 12.578 10.951
2.207 14.566 0.065 3.987
3.860 24.513 12.972 3.354
15.691 12.883 21.303 13.281
9.899 1.747 5.930 6.904
9.611 4.139 10.732 1.252
14.376 7.145 10.511 3.604
2.760 7.019 6.632 3.316
5.699 8.641 3.661 9.736
1.192 14.623 6.399 9.722
9.643 16.541 3.669 9.283
18.759 5.898 8.273 5.682
12.210 3.081 12.155 11.547
10.126 2.444 13.135 0.299
0.691 5.442 6.319 2.648
25.786 7.721 12.562 5.244
1.522 5.982 5.087 8.148
5.501 7.507 3.457 25.507
0.891 4.196 5.167 2.277
5.546 0.590 7.402 2.692
5.788 12.458 6.405 6.367
11.878 0.685 9.511 2.030
3.119 2.313 13.777 4.142
6.703 8.344 4.331 3.831
1.968 0.208 3.292 1.333
7.279 6.414 11.995 6.588
16.835 12.421 6.294 11.394
3.845 5.682 1.616 16.087
5.557 9.039 4.990 9.229
4.455 7.514 4.745 6.989
3.911 27.476 10.691 6.007
5.420 18.414 17.867 21.877
1.896 9.574 5.942 6.822
8.864 10.876 13.888 6.402
4.707 5.870 0.369 11.117
6.038 11.749 9.689 11.548
1.153 12.258 1.028 17.495
19.019 7.588 5.120 3.793
2.502 7.864 2.118 2.710
7.603 7.658 0.699 0.508
8.558 5.375 10.420 18.862
2.844 6.014 6.222 19.942
0.524 10.725 3.057 6.309
10.089 1.995 3.686 9.542
5.492 0.562 9.539 6.448
8.640 2.409 0.694 15.850
11.302 24.950 3.121 1.183
9.909 8.448 13.826 6.451
4.974 23.751 9.946 7.090
3.624 16.603 1.296 1.648
3.666 4.241 3.153 2.281
6.939 22.564 7.395 8.036
6.098 5.401 1.254 16.647
18.250 15.129 5.502 6.768
2.089 17.298 19.497 6.698
8.895 2.739 17.580 0.860
20.930 12.664 10.094 13.113
3.207 12.407 5.112 0.892
21.038 3.858 12.841 9.752
10.485 1.219 16.426 7.757
3.472 16.184 7.974 10.179
18.656 5.334 2.693 19.272
2.732 4.145 0.346 19.290
4.473 12.664 11.237 2.363
4.719 9.248 2.449 8.972
10.385 5.983 14.289 15.118
4.272 6.244 7.856 4.813
4.334 0.345 0.966 14.079
6.772 6.304 6.452 2.722
15.798 3.318 10.024 5.040
15.594 15.091 8.436 4.059
16.657 4.688 17.938 3.559
7.791 3.891 9.349 7.818
5.813 2.812 10.193 13.254
15.475 18.059 13.794 3.533
0.307 2.605 5.569 15.115
8.392 1.773 1.300 18.443
1.315 12.046 12.378 6.880
4.415 5.080 11.879 0.007
5.101 3.240 4.051 2.014
5.727 6.201 8.706 1.568
3.365 23.782 2.236 0.987
0.029 4.946 15.217 4.473
0.402 1.245 5.596 3.101
17.451 20.779 1.588 3.103
2.463 4.369 1.247 5.717
3.041 18.177 22.224 13.536
4.269 5.677 3.622 15.697
5.396 2.463 17.352 2.128
26.603 0.844 11.320 2.752
20.395 8.083 6.185 8.569
7.817 0.015 4.379 6.720
4.185 10.255 8.918 26.966
6.058 6.911 9.515 8.585
12.429 5.340 15.455 0.797
7.554 9.977 2.587 2.393
5.680 5.250 11.838 0.309
5.239 10.731 21.151 5.040
10.495 2.866 10.972 20.203
0.759 0.459 2.569 13.320
10.312 24.616 2.973 13.506
